# id	file_path	transparent_color_r	g	b
[TEXTURES]
0	Textures\overworld.png	0	0	255
10	Textures\overworld_icons.png	64	128	0
20	Textures\hud.png	255	0	255
30	Textures\gameover.png	68	34	0

# id	left	top	right	bottom	texture_id
[SPRITES]
# mario, normal
10	23	198	37	214	10
11	38	198	52	214	10
# mario, super
12	53	193	69	214	10
13	70	193	86	214	10
# mario, raccoon
14	121	190	137	214	10
15	138	190	154	214	10
# mario, fire
16	87	193	103	214	10
17	104	193	120	214	10

# path, horizontal
20	154	81	170	96	0
# coinpath, horizontal
21	137	1	153	16	0
# path, vertical
22	154	97	170	112	0
# coinpath, vertical
23	154	1	170	16	0
# intersection
24	154	33	170	48	0
# bridge
25	69	50	85	66	0

# BACKGROUND BLOCKS
# empty space
30	1	1	17	16	0
# bush
310	1	17	17	32	0
311	18	17	34	32	0
312	35	17	51	32	0
313	52	17	68	32	0
# rocks
32	120	50	136	66	0

# river, vertical
330	1	50	17	66	0
# river, horizontal
331	18	50	34	66	0
# river, left down turn
332	35	50	51	66	0
# river, right down turn
333	52	50	68	66	0
# river, left up turn
334	86	50	102	66	0
# river, right up turn
335	103	50	119	66	0

# help bubble
34	18	1	34	16	0
35	154	113	170	128	0

# black overlay
36	1	67	17	83	0

# locked gate
37	86	17	102	32	0

# card house
38	137	33	153	49	0

# toad house
39	69	17	85	32	0

# START block
40	1	33	17	49	0

# level blocks
41	35	33	51	48	0
42	52	33	68	48	0
43	69	33	85	48	0
44	86	33	102	48	0
45	103	33	119	48	0
46	120	33	136	48	0

# dungeon
47	69	1	85	16	0

# castle (roof - base)
48	35	1	51	16	0
49	52	1	68	16	0

# HUD sprites
50	33	32	41	39	20
51	43	32	51	39	20
52	53	32	61	39	20
53	63	32	71	39	20
54	73	32	81	39	20
55	83	32	91	39	20
56	93	32	101	39	20
57	103	32	111	39	20
58	113	32	121	39	20
59	123	32	131	39	20
60	3	33	11	40	20
61	12	33	27	40	20
62	163	33	187	61	20
63	187	33	211	61	20
64	211	33	235	61	20
65	235	33	259	61	20
66	3	3	155	31	20
67	220	107	236	123	20

#gameover
68	5	6	133	70	30
69	52	71	58	78	30

# ani_id	sprite1_id	time1	sprite2_id	time2	...
[ANIMATIONS]
# mario
100	10	100	11	100
101	12	100	13	100
102	14	100	15	100
103	16	100	17	100

# path
200	20	100
201	21	100
202	22	100
203	23	100
204	24	100
205	25	100

# empty space
300	30	100

# bush
301	310	250	311	250	312	250	313	250

# rocks
302	32	100

# river
3030	330	100
3031	331	100
3032	332	100
3033	333	100
3034	334	100
3035	335	100

# help bubble
304	34	500	35	500

# overlay
305	36	100

# locked gate
306	37	100

# card house
307	38	100

# toad house
308	39	100

# START Block
309	40	100

# level blocks
310	41	100
311	42	100
312	43	100
313	44	100
314	45	100
315	46	100

# dungeon
316	47	100

# castle (roof - base)
317	48	100
318	49	100

# HUD
400	50	100
401	51	100
402	52	100
403	53	100
404	54	100
405	55	100
406	56	100
407	57	100
408	58	100
409	59	100
410	60	100
411	61	100
412	62	100
413	63	100
414	64	100
415	65	100
416	66	100
417	67	100

# game over
500	68	100
501	69	100

[ANIMATION_SETS]
# MARIO
0	100	101	102	103
# BACKGROUND BLOCKS
# PATH (horizontal, coinhori, vertical, coinvert, intersect, bridge)
1	200
2	201
3	202
4	203
5	204
6	205
# EMPTY SPACE
7	300
# BUSH
8	301
# ROCK
9	302
# RIVER (vert, hori, leftdown, rightdown, leftup, rightup)
10	3030
11	3031
12	3032
13	3033
14	3034
15	3035
# HELP BUBBLE
16	304
# OVERLAY
17	305
# GATE
18	306

# CARD HOUSE
19	307

# TOAD HOUSE
20	308

# START BLOCK
21	309

# LEVEL BLOCKS
22	310
23	311
24	312
25	313
26	314
27	315

# DUNGEON
28	316

# CASTLE
29	317
30	318

# HUD
100	400	401	402	403	404	405	406	407	408	409	410	411	412	413	414	415	416	417

# GAME OVER
50	500	501

[OBJECTS]
4	0	0	17	16	16

1	40	45	1
1	56	30	3
1	72	15	1
1	104	15	1
1	136	15	1
1	168	15	1
1	120	30	3
1	184	30	3
1	136	45	1
1	168	45	1
1	120	60	3
1	72	75	1
1	104	75	1
1	56	90	3
1	56	120	3
1	72	135	1
1	104	135	1
1	104	105	1
1	136	105	6
1	120	120	3
1	168	105	1

2	8	15	8
2	24	15	8
2	40	15	8
2	9	30	8
2	24	30	8
2	40	30	8
2	8	45	1
2	8	60	8
2	24	60	8
2	40	60	8
2	8	75	8
2	24	75	8
2	40	75	8
2	8	90	8
2	24	90	7
2	40	90	7
2	8	105	7
2	24	105	7
2	40	105	9
2	8	120	7
2	24	120	9
2	40	120	9
2	8	135	7
2	24	135	9
2	40	135	9
2	72	30	8
2	88	30	8
2	104	30	8
2	72	45	8
2	88	45	8
2	104	45	8
2	72	60	8
2	88	60	8
2	104	60	8
2	136	30	8
2	152	30	8
2	168	30	8
2	200	15	8
2	216	15	8
2	200	30	8
2	216	30	8
2	200	45	8
2	216	45	8
2	136	60	8
2	152	60	8
2	168	60	8
2	184	60	8
2	200	60	8
2	216	60	8
2	136	75	8
2	152	75	8
2	168	75	13
2	184	75	11
2	200	75	12
2	216	75	8
2	72	90	7
2	88	90	7
2	104	90	7
2	120	90	7
2	136	90	13
2	152	90	11
2	168	90	14
2	184	90	7
2	184	90	29
2	200	90	10
2	200	90	16
2	216	90	8
2	72	105	9
2	200	105	10
2	216	105	8
2	72	120	9
2	88	120	9
2	104	120	7
2	136	120	10
2	152	120	7
2	168	120	7
2	184	120	7
2	200	120	10
2	216	120	8
2	136	135	15
2	152	135	11
2	168	135	11
2	184	135	11
2	200	135	14
2	216	135	8
2	56	60	18

3	24	45	21	0
3	56	45	5	0
3	56	15	22	2
3	88	15	2	0
3	120	15	23	0
3	152	15	24	0
3	184	15	2	0
3	184	45	20	0
3	152	45	25	0
3	120	45	4	0
3	120	75	19	0
3	88	75	28	0
3	56	75	4	0
3	56	105	4	0
3	56	135	26	0
3	88	135	2	0
3	120	135	27	0
3	120	105	2	0
3	88	105	20	0
3	152	105	2	0
3	184	105	30	0

100	0	160	100

0	25	47	0